Group	경험의반지
{
	Vnum	10000
	1	72001	1	1
	2	72002	1	1
	3	72003	1	1
	4	72003	1	1
	5	72049	1	1
	6	72050	1	1
}
Group	관통의장
{
	Vnum	10001
	1	72025	1	1
	2	72026	1	1
	3	72027	1	1
}
Group	도둑의장갑
{
	Vnum	10002
	1	72004	1	1
	2	72005	1	1
	3	72006	1	1
	4	70043	1	1
	5	71016	1	1
}
Group	비단보따리
{
	Vnum	10003
	1	72007	1	1
	2	72008	1	1
	3	72009	1	1
}
Group	열정의가면
{
	Vnum	10003
	1	72028	1	1
	2	72029	1	1
	3	72030	1	1
	4	71011	1	1
}
Group	용신의공격
{
	Vnum	10004
	1	72031	1	1
	2	72032	1	1
	3	72033	1	1
}
Group	용신의방어
{
	Vnum	10005
	1	72034	1	1
	2	72035	1	1
	3	72036	1	1
}
Group	용신의생명
{
	Vnum	10006
	1	72037	1	1
	2	72038	1	1
	3	72039	1	1
}
Group	용신의지능
{
	Vnum	10007
	1	72040	1	1
	2	72041	1	1
	3	72042	1	1
}
Group	원앙의깃?
{
	Vnum	10008
	1	72010	1	1
	2	72011	1	1
	3	72012	1	1
}
Group	월간어심
{
	Vnum	10009
	1	72013	1	1
	2	72014	1	1
	3	72015	1	1
}
Group	육도
{
	Vnum	10010
	1	72043	1	1
	2	72044	1	1
	3	72045	1	1
	4	70003	1	1
	5	71012	1	1
}
Group	제3의손
{
	Vnum	10011
	1	72016	1	1
	2	72017	1	1
	3	72018	1	1
}
Group	창고확장권
{
	Vnum	10021
	1	72019	1	1
	2	72020	1	1
	3	72021	1	1
}
Group	크리티컬의장
{
	Vnum	10023
	1	72046	1	1
	2	72047	1	1
	3	72048	1	1
}
Group	행운의금화
{
	Vnum	10024
	1	72022	1	1
	2	72023	1	1
	3	72024	1	1
	4	71017	1	1
}
Group	언어반지
{
	Vnum	10025
	1	70006	1	1
	2	70047	1	1
	3	71005	1	1
	4	71006	1	1
	5	71007	1	1
}
Group	동물_상자_캐시
{
	Vnum	10030
	1	71115	1	1	
	2	71117	1	1	
	3	71119	1	1	
	4	71121	1	1	
	5	71124	1	1	
	6	71125	1	1	
	7	71126	1	1	
	8	71127	1	1	
	9	71128	1	1	
	10	71131	1	1	
	11	71132	1	1	
	12	71133	1	1	
	13	71134	1	1
	14	71135	1	1
	15	71136	1	1
	16	71137	1	1
	17	71138	1	1
	18	71139	1	1
	19	71140	1	1
	20	71141	1	1
	21	71142	1	1
	22	71161	1	1
	23	71164	1	1
	24	71165	1	1
	25	71166	1	1
	26	71171	1	1
	27	71172	1	1
}

Group	탈것교환권			
{				
	Vnum	10032		
	Type	Quest		
	1	52701	1	1
	2	52702	1	1
	3	52703	1	1
	4	52704	1	1
	5	52705	1	1
	6	52706	1	1
	7	52707	1	1
}				

Group	flame_dungeon_ticket_group
{
	Vnum	10033
	1	71095	1	1
	2	71130	1	1
}	

Group	flame_dungeon_startttt
{
	Vnum	10034
	1	71175	1	1
}	

Group	아이템몰_복주머니
{
	Vnum	30093
	1	71135	1	100
}

Group	아이템몰_복주머니
{
	Vnum	30094
	1	71136	1	100
}

Group	아이템몰_복주머니
{
	Vnum	30095
	1	71145	1	100
}

Group	아이템몰_복주머니
{
	Vnum	30096
	1	71143	1	100
}

Group	아이템몰_복주머니
{
	Vnum	30097
	1	25040	1	70
	2	70024	1	20
	3	70027	1	10
}

Group	아이템몰_복주머니
{
	Vnum	30098
	1	71158	1	100
}

Group	금장보물상자
{
	Vnum	50006
	1	50300	1	100
	2	80008	1	10
	3	50002	1	10
	4	70012	1	10
	5	70008	1	10
	6	70038	1	10
	7	70048	1	10
	8	70049	1	10
	9	70050	1	10
	10	70051	1	10
	11	경험치	10000	30
	12	경험치	20000	30
	13	경험치	30000	30
	14	경험치	40000	30
	15	경험치	50000	30
	16	돈꾸러미	60000	15
	17	돈꾸러미	70000	15
	18	돈꾸러미	80000	15
	19	돈꾸러미	90000	15
	20	돈꾸러미	100000	15
	21	25040	1	30
	22	121	1	8	40
	23	122	1	5	40
	24	1081	1	8	40
	25	1082	1	5	40
	26	3111	1	8	40
	27	3112	1	5	40
	28	2111	1	8	40
	29	2112	1	5	40
	30	5071	1	8	40
	31	5072	1	5	40
	32	7111	1	8	40
	33	7112	1	5	40
	34	30023	1	10
	35	30045	1	10
	36	30038	1	10
	37	30051	1	10
	38	30011	1	10
	39	30070	1	10
	40	30017	1	10
	41	30033	1	10
	42	30055	1	10
	43	30053	1	10
	44	30007	1	10
	45	30031	1	10
	46	30028	1	10
	47	30047	1	10
	48	30052	1	10
	49	30027	1	10
	50	30003	1	10
	51	30081	1	10
	52	30022	1	10
	53	30010	1	10
	54	30025	1	10
	55	30004	1	10
	56	30050	1	10
	57	30075	1	40
}
Group	은장보물상자
{
	Vnum	50007
	1	27001	50	43
	2	27002	30	43
	3	27003	20	43
	4	27004	50	43
	5	27005	30	43
	6	27006	20	43
	7	경험치	5000	75
	8	경험치	10000	75
	9	경험치	15000	75
	10	경험치	20000	75
	11	돈꾸러미	10000	40
	12	돈꾸러미	15000	40
	13	돈꾸러미	20000	40
	14	돈꾸러미	25000	40
	15	돈꾸러미	30000	40
	16	30030	1	12
	17	30032	1	12
	18	30059	1	12
	19	30056	1	12
	20	30071	1	12
	21	30075	1	12
	22	30014	1	12
	23	30061	1	12
	24	30083	1	12
	25	30074	1	12
	26	30057	1	12
	27	30016	1	12
	28	30048	1	12
	29	30009	1	12
	30	30037	1	12
	31	30039	1	12
}
Group	크리스마스이벤트(양말)
{
	Vnum	50010
	1	80003	1	8
	2	돈꾸러미	5000	1
	3	돈꾸러미	10000	1
	4	돈꾸러미	15000	1
	5	돈꾸러미	20000	1
	6	돈꾸러미	25000	1
	7	돈꾸러미	30000	1
	8	돈꾸러미	35000	1
	9	돈꾸러미	40000	1
	10	50300	1	8
	11	70201	1	8
	12	70206	1	8
	13	70203	1	8
	14	70202	1	8
	15	70204	1	8
	16	70205	1	8
	17	70048	1	8
	18	70049	1	8
	19	70050	1	8
	20	70051	1	8
	21	70102	1	8
	22	71006	1	8
	23	70008	1	8
	24	70012	1	8
	25	70038	1	8
	26	27006	15	8
	27	27003	15	8
	28	27005	30	8
	29	27002	30	8
}
Group	월광보합
{
	Vnum	50011
	1	25041	1	1
	2	27992	1	1
	3	27993	1	1
	4	27994	1	1
	5	70102	1	1
	6	50513	1	1
	8   30193   1	1
	9   39002   1	1
	10	70051	1	1
	11	71035	1	1
	12	71004	10	1
	13	71161	1	1
	14	71164	1	1
	15	71165	1	1
	16	71166	1	1
	17	71171	1	1
	18	71172	1	1
}

Group	금장보물상자+
{
	Vnum	50012
	1	50404	1	20
	2	50417	1	20
	3	50419	1	20
	4	50431	1	20
	5	50432	1	20
	6	50446	1	20
	7	50448	1	20
	8	50463	1	20
	9	50465	1	20
	10	50476	1	20
	11	50492	1	20
	12	50508	1	20
	13	50509	1	20
	14	132	1	46	40
	15	133	1	20	40
	16	1092	1	46	40
	17	1093	1	20	40
	18	3122	1	46	40
	19	3123	1	20	40
	20	2122	1	46	40
	21	2123	1	20	40
	22	5082	1	46	40
	23	5083	1	20	40
	24	7122	1	46	40
	25	7123	1	20	40
	26	13202	1	150	40
	27	13203	1	50	40
	28	25040	1	75
}
Group	은장보물상자+
{
	Vnum	50013
	1	50002	1	200
	2	70012	1	57
	3	70008	1	57
	4	70038	1	57
	5	70048	1	57
	6	70049	1	57
	7	70050	1	57
	8	70051	1	57
	9	13192	1	150
	10	13193	1	50
	11	12222	1	37	40
	12	12223	1	38	40
	13	12362	1	37	40
	14	12363	1	38	40
	15	12502	1	37	40
	16	12503	1	38	40
	17	12642	1	37	40
	18	12643	1	38	40
	19	30015	1	40
	20	30035	1	40
	21	30058	1	40
	22	30006	1	40
	23	30082	1	40
	24	30076	1	40
	25	30018	1	40
	26	30046	1	40
	27	30021	1	40
	28	30086	1	40
	29	30005	1	40
	30	30072	1	40
	31	30080	1	40
	32	30077	1	40
	33	30069	1	40
	34	30067	1	40
	35	30075	1	40
}
Group	세뱃돈주머니
{
	Vnum	50023
	1	돈꾸러미	50000	5
	2	돈꾸러미	40000	10
	3	돈꾸러미	30000	15
	4	돈꾸러미	20000	20
	5	돈꾸러미	10000	50
}
Group	장미
{
	Vnum	50024
	1	50300	1	3
	2	70102	1	1
	3	25040	1	1
	4	80003	1	5
	5	27003	5	10
	6	27006	5	15
	7	27002	5	25
	8	27005	5	40
}
Group	초콜릿
{
	Vnum	50025
	1	50300	1	3
	2	70102	1	1
	3	25040	1	1
	4	80003	1	5
	5	27003	5	10
	6	27006	5	15
	7	27002	5	25
	8	27005	5	40
}
Group	장미
{
	Vnum	50031
	1	50300	1	3
	2	70102	1	1
	3	25040	1	1
	4	80003	1	5
	5	27003	5	10
	6	27006	5	15
	7	27002	5	25
	8	27005	5	40
}
Group	사탕
{
	Vnum	50032
	1	50300	1	3
	2	70102	1	1
	3	25040	1	1
	4	80003	1	5
	5	27003	5	10
	6	27006	5	15
	7	27002	5	25
	8	27005	5	40
}
Group	알수없는상자
{
	Vnum	50033
	1	경험치	10000	80
	2	경험치	20000	70
	3	경험치	30000	60
	4	경험치	40000	50
	5	경험치	50000	40
	6	돈꾸러미	10000	80
	7	돈꾸러미	20000	70
	8	돈꾸러미	30000	65
	9	돈꾸러미	40000	55
	10	돈꾸러미	50000	49
	11	50300	1	10
	12	70102	1	20
	13	25040	1	1
	14	group	8501	30
	15	group	8502	30
	16	group	8503	30
	17	group	8504	30
	18	group	8505	30
	19	group	8506	40
	20	group	8507	40
	21	group	8508	30
	22	group	8509	30
	23	group	8510	30
	24	group	8511	30
}
Group	어린이날선물상자_3
{
	Vnum	50035
	1	25040	1	1
}
Group	어린이날선물상자_5
{
	Vnum	50036
	1	25040	1	1
}
Group	육각보합
{
	Vnum	50037
	1	30005	1	20
	2	30006	1	20
	3	30008	1	20
	4	30009	1	20
	5	30014	1	20
	6	30015	1	20
	7	30016	1	20
	8	30019	1	20
	9	30022	1	20
	10	30025	1	20
	11	30030	1	20
	12	30033	1	20
	13	30039	1	20
	14	30040	1	20
	15	30041	1	20
	16	30042	1	20
	17	30047	1	20
	18	30048	1	20
	19	30049	1	20
	20	30050	1	20
	21	30051	1	20
	22	30056	1	20
	23	30057	1	20
	24	30058	1	20
	25	30059	1	20
	26	30060	1	20
	27	30061	1	20
	28	30077	1	20
	29	30078	1	20
	30	30079	1	20
	31	30080	1	20
	32	30082	1	20
	33	30083	1	20
	34	30085	1	20
	35	30086	1	20
	36	30087	1	20
	37	30088	1	20
	38	30089	1	20
	39	30090	1	20
	40	30091	1	20
	41	27992	1	15
	42	27993	1	10
	43	27994	1	5
}
Group	청동증표
{
	Vnum	50038
	1	25041	1	30
}
Group	은장증표
{
	Vnum	50039
	1	25041	1	30
}
Group	금장증표
{
	Vnum	50040
	1	25041	1	30
}
Group	선물보따리
{
	Vnum	50041
	1	25041	1	30
}
Group	웅귀족장의상자
{
	Vnum	50070
	1	3140	1	30	30
	2	3141	1	16	30
	3	1110	1	30	30
	4	1111	1	16	30
	5	2130	1	30	30
	6	2131	1	16	30
	7	7140	1	30	30
	8	7141	1	16	30
	9	5100	1	30	30
	10	5101	1	16	30
	11	160	1	30	30
	12	161	1	16	30
	13	240	1	30	30
	14	241	1	16	30
	15	11671	1	30	30
	16	11672	1	5	30
	17	11271	1	30	30
	18	11272	1	5	30
	19	11471	1	30	30
	20	11472	1	5	30
	21	11871	1	30	30
	22	11872	1	5	30
	23	16161	1	30	30
	24	16162	1	16	30
	25	16163	1	7	30
	26	17161	1	30	30
	27	17162	1	16	30
	28	17163	1	7	30
	29	14161	1	30	30
	30	14162	1	16	30
	31	14163	1	7	30
	32	70012	1	25
	33	70038	1	25
	34	25040	1	30
	35	70048	1	25
	36	70037	1	30
	37	70014	1	30
	38	70043	1	25
	39	70005	1	25
	40	70006	1	25
	41	돈꾸러미	50000	20
	42	돈꾸러미	100000	70
	43	돈꾸러미	200000	9
	44	27112	10	30
	45	경험치	100000	10
}
Group	밀교교주의상자
{
	Vnum	50071
	1	3141	1	33	30
	2	3142	1	15	30
	3	1111	1	33	30
	4	1112	1	15	30
	5	2131	1	33	30
	6	2132	1	15	30
	7	7141	1	33	30
	8	7142	1	15	30
	9	5101	1	33	30
	10	5102	1	15	30
	11	161	1	33	30
	12	162	1	15	30
	13	241	1	33	30
	14	242	1	15	30
	15	11672	1	27	30
	16	11673	1	14	30
	17	11674	1	5	30
	18	11272	1	27	30
	19	11273	1	14	30
	20	11274	1	5	30
	21	11472	1	27	30
	22	11473	1	14	30
	23	11474	1	5	30
	24	11872	1	27	30
	25	11873	1	14	30
	26	11874	1	5	30
	27	16181	1	30	30
	28	16182	1	20	30
	29	16183	1	5	30
	30	17181	1	30	30
	31	17182	1	20	30
	32	17183	1	5	30
	33	14181	1	30	30
	34	14182	1	20	30
	35	14183	1	5	30
	36	70012	1	25
	37	70038	1	25
	38	25040	1	30
	39	70048	1	25
	40	70037	1	30
	41	70014	1	30
	42	70043	1	25
	43	70005	1	25
	44	돈꾸러미	50000	30
	45	돈꾸러미	100000	10
	46	돈꾸러미	200000	20
	47	경험치	150000	7
	48	경험치	200000	8
	49	27112	15	25
}
Group	여왕거미의상자
{
	Vnum	50073
	1	3142	1	30	30
	2	3143	1	16	30
	3	1112	1	30	30
	4	1113	1	16	30
	5	2132	1	30	30
	6	2133	1	16	30
	7	7142	1	30	30
	8	7143	1	16	30
	9	5102	1	30	30
	10	5103	1	16	30
	11	162	1	30	30
	12	163	1	16	30
	13	242	1	30	30
	14	243	1	16	30
	15	11680	1	30	30
	16	11681	1	6	30
	17	11880	1	30	30
	18	11881	1	6	30
	19	11480	1	30	30
	20	11481	1	6	30
	21	11280	1	30	30
	22	11281	1	6	30
	23	16201	1	30	30
	24	16202	1	16	30
	25	16203	1	7	30
	26	17201	1	30	30
	27	17202	1	16	30
	28	17203	1	7	30
	29	14201	1	30	30
	30	14202	1	16	30
	31	14203	1	7	30
	32	70012	1	25
	33	70038	1	25
	34	25040	1	30
	35	70048	1	25
	36	70037	1	30
	37	70014	1	30
	38	70043	1	25
	39	70005	1	25
	40	돈꾸러미	50000	10
	41	돈꾸러미	100000	30
	42	돈꾸러미	150000	40
	43	돈꾸러미	200000	30
	44	경험치	150000	10
	45	경험치	200000	20
	46	27112	15	20
}

Group	대왕거미의상자
{
	Vnum	50074
	1	150	1	25	30
	2	151	1	13	30
	3	5090	1	25	30
	4	5091	1	13	30
	5	140	1	25	30
	6	141	1	13	30
	7	3130	1	25	30
	8	3131	1	13	30
	9	1100	1	25	30
	10	1101	1	13	30
	11	7130	1	25	30
	12	7131	1	13	30
	13	2140	1	25	30
	14	2141	1	13	30
	15	11681	1	17	30
	16	11682	1	27	30
	17	11683	1	11	30
	18	11881	1	17	30
	19	11882	1	27	30
	20	11883	1	11	30
	21	11481	1	17	30
	22	11482	1	27	30
	23	11483	1	11	30
	24	11281	1	17	30
	25	11282	1	27	30
	26	11283	1	11	30
	27	14163	1	23	30
	28	14164	1	10	30
	29	17163	1	23	30
	30	17164	1	10	30
	31	16163	1	23	30
	32	16164	1	10	30
	33	70012	1	25
	34	70038	1	25
	35	25040	1	30
	36	70048	1	25
	37	70037	1	30
	38	70014	1	30
	39	70043	1	25
	40	70005	1	25
	41	돈꾸러미	100000	20
	42	돈꾸러미	150000	30
	43	돈꾸러미	200000	30
	44	돈꾸러미	250000	20
	45	27112	20	20
	46	경험치	150000	30
	47	경험치	200000	30
	48	경험치	250000	20
}
Group	거대사막거북의상자
{
	Vnum	50076
	1	3142	1	24	30
	2	3143	1	16	30
	3	1112	1	24	30
	4	1113	1	16	30
	5	2132	1	24	30
	6	2133	1	16	30
	7	7142	1	24	30
	8	7143	1	16	30
	9	5102	1	24	30
	10	5103	1	16	30
	11	162	1	24	30
	12	163	1	16	30
	13	242	1	24	30
	14	243	1	16	30
	15	11681	1	24	30
	16	11682	1	16	30
	17	11881	1	24	30
	18	11882	1	16	30
	19	11481	1	24	30
	20	11482	1	16	30
	21	11281	1	24	30
	22	11282	1	16	30
	23	17184	1	30	30
	24	17185	1	18	30
	25	17186	1	12	30
	26	16184	1	30	30
	27	16185	1	18	30
	28	16186	1	12	30
	29	14184	1	30	30
	30	14185	1	18	30
	31	14186	1	12	30
	32	70012	1	20
	33	70038	1	20
	34	25040	1	30
	35	70048	1	20
	36	70037	1	30
	37	70014	1	30
	38	70043	1	20
	39	70005	1	20
	40	경험치	100000	10
	41	경험치	150000	20
	42	경험치	200000	25
	43	경험치	250000	30
	44	돈꾸러미	100000	10
	45	돈꾸러미	150000	20
	46	돈꾸러미	200000	25
	47	돈꾸러미	250000	30
	48	27112	20	20
}
Group	구미호의상자
{
	Vnum	50077
	1	151	1	24	30
	2	152	1	16	30
	3	5091	1	24	30
	4	5092	1	16	30
	5	141	1	24	30
	6	142	1	16	30
	7	3131	1	24	30
	8	3132	1	16	30
	9	1101	1	24	30
	10	1102	1	16	30
	11	7131	1	24	30
	12	7132	1	16	30
	13	2141	1	24	30
	14	2142	1	16	30
	15	11682	1	24	30
	16	11683	1	16	30
	17	11882	1	24	30
	18	11883	1	16	30
	19	11482	1	24	30
	20	11483	1	16	30
	21	11282	1	24	30
	22	11283	1	16	30
	23	17204	1	30	30
	24	17205	1	18	30
	25	17206	1	12	30
	26	16204	1	30	30
	27	16205	1	18	30
	28	16206	1	12	30
	29	14204	1	30	30
	30	14205	1	18	30
	31	14206	1	12	30
	32	70012	1	25
	33	70038	1	25
	34	25040	1	30
	35	70048	1	25
	36	70037	1	30
	37	70014	1	30
	38	70043	1	25
	39	70005	1	25
	40	경험치	150000	20
	41	경험치	200000	30
	42	경험치	250000	20
	43	돈꾸러미	150000	20
	44	돈꾸러미	200000	30
	45	돈꾸러미	250000	20
	46	27112	20	25
}
Group	누렁범귀의상자
{
	Vnum	50078
	1	152	1	22	30
	2	153	1	16	30
	3	5092	1	22	30
	4	5093	1	16	30
	5	142	1	22	30
	6	143	1	16	30
	7	3132	1	22	30
	8	3133	1	16	30
	9	1102	1	22	30
	10	1103	1	16	30
	11	7132	1	22	30
	12	7133	1	16	30
	13	2142	1	22	30
	14	2143	1	16	30
	15	11682	1	19	30
	16	11683	1	28	30
	17	11684	1	10	30
	18	11882	1	19	30
	19	11883	1	28	30
	20	11884	1	10	30
	21	11482	1	19	30
	22	11483	1	28	30
	23	11484	1	10	30
	24	11282	1	19	30
	25	11283	1	28	30
	26	11284	1	10	30
	27	17184	1	19	30
	28	17185	1	28	30
	29	17186	1	10	30
	30	16184	1	19	30
	31	16185	1	28	30
	32	16186	1	10	30
	33	14184	1	19	30
	34	14185	1	28	30
	35	14186	1	10	30
	36	70012	1	20
	37	70038	1	20
	38	25040	1	25
	39	70048	1	20
	40	70037	1	25
	41	70014	1	25
	42	70043	1	20
	43	70005	1	20
	44	경험치	200000	20
	45	경험치	250000	30
	46	경험치	300000	20
	47	돈꾸러미	200000	20
	48	돈꾸러미	250000	30
	49	돈꾸러미	300000	20
	50	27112	30	20
}
Group	화염왕의상자
{
	Vnum	50079
	1	151	1	10	30
	2	152	1	25	30
	3	153	1	15	30
	4	5091	1	10	30
	5	5092	1	25	30
	6	5093	1	15	30
	7	141	1	10	30
	8	142	1	25	30
	9	143	1	15	30
	10	3131	1	10	30
	11	3132	1	25	30
	12	3133	1	15	30
	13	1101	1	10	30
	14	1102	1	25	30
	15	1103	1	15	30
	16	7131	1	10	30
	17	7132	1	25	30
	18	7133	1	15	30
	19	2141	1	10	30
	20	2142	1	25	30
	21	2143	1	15	30
	22	11681	1	9	30
	23	11682	1	24	30
	24	11683	1	14	30
	25	11881	1	9	30
	26	11882	1	24	30
	27	11883	1	14	30
	28	11481	1	9	30
	29	11482	1	24	30
	30	11483	1	14	30
	31	11281	1	9	30
	32	11282	1	24	30
	33	11283	1	14	30
	34	17164	1	9	30
	35	17165	1	24	30
	36	17166	1	14	30
	37	16164	1	9	30
	38	16165	1	24	30
	39	16166	1	14	30
	40	14164	1	9	30
	41	14165	1	24	30
	42	14166	1	14	30
	43	70012	1	15
	44	70038	1	15
	45	25040	1	21
	46	70048	1	20
	47	70037	1	25
	48	70014	1	25
	49	70043	1	20
	50	70005	1	20
	51	경험치	150000	5
	52	경험치	200000	10
	53	경험치	250000	10
	54	경험치	300000	15
	55	돈꾸러미	150000	20
	56	돈꾸러미	200000	25
	57	돈꾸러미	250000	30
	58	돈꾸러미	300000	25
	59	27112	25	20
}
Group	사귀왕의상자
{
	Vnum	50081
	1	152	1	22	30
	2	153	1	16	30
	3	5092	1	22	30
	4	5093	1	16	30
	5	142	1	22	30
	6	143	1	16	30
	7	3132	1	22	30
	8	3133	1	16	30
	9	1102	1	22	30
	10	1103	1	16	30
	11	7132	1	22	30
	12	7133	1	16	30
	13	2142	1	22	30
	14	2143	1	16	30
	15	11682	1	19	30
	16	11683	1	28	30
	17	11684	1	10	30
	18	11882	1	19	30
	19	11883	1	28	30
	20	11884	1	10	30
	21	11482	1	19	30
	22	11483	1	28	30
	23	11484	1	10	30
	24	11282	1	19	30
	25	11283	1	28	30
	26	11284	1	10	30
	27	17184	1	19	30
	28	17185	1	28	30
	29	17186	1	10	30
	30	16184	1	19	30
	31	16185	1	28	30
	32	16186	1	10	30
	33	14184	1	19	30
	34	14185	1	28	30
	35	14186	1	10	30
	36	70012	1	20
	37	70038	1	20
	38	25040	1	25
	39	70048	1	20
	40	70037	1	25
	41	70014	1	25
	42	70043	1	20
	43	70005	1	20
	44	경험치	200000	20
	45	경험치	250000	30
	46	경험치	300000	20
	47	돈꾸러미	200000	20
	48	돈꾸러미	250000	30
	49	돈꾸러미	300000	20
	50	27112	30	20
}
Group	사신의상자
{
	Vnum	50082
	1	170	1	16	30
	2	250	1	16	30
	3	1120	1	16	30
	4	2180	1	16	30
	5	3150	1	16	30
	6	7150	1	16	30
	7	11290	1	31	30
	8	11291	1	15	30
	9	11490	1	31	30
	10	11491	1	15	30
	11	11690	1	31	30
	12	11691	1	15	30
	13	11890	1	31	30
	14	11891	1	15	30
	15	152	1	22	30
	16	153	1	16	30
	17	5092	1	22	30
	18	5093	1	16	30
	19	142	1	22	30
	20	143	1	16	30
	21	3132	1	22	30
	22	3133	1	16	30
	23	1102	1	22	30
	24	1103	1	16	30
	25	7132	1	22	30
	26	7133	1	16	30
	27	2142	1	22	30
	28	2143	1	16	30
	29	11682	1	19	30
	30	11683	1	28	30
	31	11684	1	10	30
	32	11882	1	19	30
	33	11883	1	28	30
	34	11884	1	10	30
	35	11482	1	19	30
	36	11483	1	28	30
	37	11484	1	10	30
	38	11282	1	19	30
	39	11283	1	28	30
	40	11284	1	10	30
	41	180	1	4	30
	42	190	1	4	30
	43	1130	1	4	30
	44	2170	1	4	30
	45	3160	1	4	30
	46	5120	1	4	30
}

Group	진구미호의상자				
{					
	Vnum	50090			
	1	170	1	16	20
	2	250	1	16	20
	3	1120	1	16	20
	4	2180	1	16	20
	5	3150	1	16	20
	6	7150	1	16	20
	7	11290	1	31	20
	8	11291	1	15	20
	9	11490	1	31	20
	10	11491	1	15	20
	11	11690	1	31	20
	12	11691	1	15	20
	13	11890	1	31	20
	14	11891	1	15	20
	15	17204	1	60	20
	16	17205	1	40	20
	17	17206	1	20	20
	18	16204	1	60	20
	19	16205	1	40	20
	20	16206	1	20	20
	21	14204	1	60	20
	22	14205	1	40	20
	23	14206	1	20	20
	24	경험치	500000	100	
	25	경험치	700000	60	
	26	경험치	1000000	20	
	27	돈꾸러미	300000	100	
	28	돈꾸러미	500000	60	
	29	돈꾸러미	1000000	20	
}

Group	할로윈호박
{
	Vnum	50095
	1	25041	1	30
}
Group	football
{
	Vnum	50096
	1	50300	1	80
	2	25041	1	25
	3	41095	1	1
	4	41096	1	1
	5	41097	1	1
	6	41098	1	1
	7	41099	1	1
	8	41100	1	1
	9	41101	1	1
	10	41102	1	1
	11	41103	1	1
	12	41104	1	1
	13	39002	1	15
	14	27992	1	10
	15	27993	1	7
	16	27994	1	5
	17	50513	1	15
	18	25040	1	80
}

Group	altin_football
{
	Vnum	50265
	1	50300	1	70
	2	25041	1	50
	3	41095	1	1
	4	41096	1	1
	5	41097	1	1
	6	41098	1	1
	7	41099	1	1
	8	41100	1	1
	9	41101	1	1
	10	41102	1	1
	11	41103	1	1
	12	41104	1	1
	13	39002	1	30
	14	27992	1	20
	15	27993	1	15
	16	27994	1	15
	17	50513	1	50
	18	25040	1	70
}

Group	빨간색흑단상자
{
	Vnum	50109
	1	50300	1	1
	2	50513	1	1
}
Group	주황색흑단상자
{
	Vnum	50110
	1	50300	1	1
	2	50513	1	1
}
Group	노랑색흑단상자
{
	Vnum	50111
	1	50300	1	1
	2	50513	1	1
}
Group	연두색흑단상자
{
	Vnum	50112
	1	50300	1	1
	2	50513	1	1
}
Group	녹색흑단상자
{
	Vnum	50113
	1	50300	1	1
	2	50513	1	1
}
Group	파란색흑단상자
{
	Vnum	50114
	1	50300	1	1
	2	50513	1	1
}
Group	보라색흑단상자
{
	Vnum	50115
	1	50300	1	1
	2	50513	1	1
	3	25041	1	1
	4	39002	1	1
}
Group	부서진_팔찌_상자
{
	Vnum	50120
	1	14085	1	7
	2	14185	1	7
	3	14125	1	7
	4	14142	1	7
	5	14164	1	7
	6	14184	1	7
	7	14202	1	7
	8	30190	1	2
	9	71018	1	6
	10	71019	1	6
	11	71044	1	6
	12	71004	1	6
	13	72003	1	3
	14	72006	1	3
	15	71017	1	3
	16	72015	1	3
	17	72012	1	3
	18	27987	1	7
	19	71082	1	3
}
Group	부서진_목걸이_상자
{
	Vnum	50121
	1	16045	1	7
	2	16065	1	7
	3	16084	1	7
	4	16104	1	7
	5	16124	1	7
	6	16144	1	7
	7	16164	1	7
	8	16184	1	7
	9	16202	1	7
	10	25040	1	3
	11	70024	1	3
	12	71004	1	6
	13	72003	1	3
	14	71016	1	3
	15	71017	1	3
	16	72015	1	3
	17	72012	1	3
	18	27987	1	7
	19	71082	1	3
}
Group	부서진_귀걸이_상자
{
	Vnum	50122
	1	17084	1	7
	2	17102	1	7
	3	17124	1	7
	4	17144	1	7
	5	17164	1	7
	6	17184	1	7
	7	17202	1	7
	8	71034	1	6
	9	71101	1	6
	10	71020	1	6
	11	50124	1	5
	12	71004	1	5
	13	72003	1	3
	14	71016	1	3
	15	71017	1	3
	16	72015	1	3
	17	72012	1	3
	18	27987	1	5
	19	71082	1	3
}
Group	eva_box
{
	Vnum	50124
	1	71114	5	40
	2	71116	5	30
	3	71118	5	20
	4	71120	5	10
}
Group	mystery_box_1
{
	Vnum	50125
	1	25040	1	1
}
Group	mystery_box_2
{
	Vnum	50126
	1	25040	1	1
}
Group	산타크로스_판매_아이템1
{
	Vnum	50300
	1	50300	1	44
	2	50301	1	1
	3	50302	1	1
	4	50303	1	1
	5	50304	1	1
	6	50305	1	1
	7	50306	1	1
}
Group	산타크로스_판매_아이템2
{
	Vnum	70201
	1	30045	1	1
	2	30051	1	1
	3	30038	1	1
	4	30070	1	1
	5	30023	1	1
	6	30033	1	1
	7	30011	1	1
	8	30027	1	1
	9	30082	1	1
	10	30035	1	1
	11	30010	1	1
	12	30055	1	1
	13	30006	1	1
	14	30003	1	1
	15	30017	1	1
	16	30058	1	1
	17	30086	1	1
	18	30031	1	1
	19	30052	1	1
	20	30081	1	1
	21	30053	1	1
	22	30007	1	1
	23	30004	1	1
	24	30018	1	1
	25	30069	1	1
	26	30076	1	1
	27	30021	1	1
	28	30028	1	1
	29	30025	1	1
	30	30050	1	1
	31	30022	1	1
	32	30072	1	1
	33	30047	1	1
	34	30015	1	1
	35	30067	1	1
	36	30077	1	1
	37	30046	1	1
	38	30005	1	1
	39	30059	1	1
	40	30071	1	1
	41	30016	1	1
	42	30075	1	1
	43	30080	1	1
	44	30041	1	1
}
Group	웅귀족장소환서
{
	Vnum	71036
	1	mob	691	100
}
Group	밀교교주소환서
{
	Vnum	71037
	1	mob	791	100
}
Group	여왕거미소환서
{
	Vnum	71038
	1	mob	2091	100
}
Group	거대사막거북소환서
{
	Vnum	71039
	1	mob	2191	100
}
Group	화염왕소환서
{
	Vnum	71040
	1	mob	2206	100
}
Group	구미호소환서
{
	Vnum	71041
	1	mob	1901	100
}
Group	사귀왕소환서
{
	Vnum	71042
	1	mob	1096	100
}
Group	누렁범귀소환서
{
	Vnum	71043
	1	mob	1304	100
}
Group	화석목광맥소환서
{
	Vnum	71057
	1	mob	20049	100
}
Group	구리광맥소환서
{
	Vnum	71058
	1	mob	20050	100
}
Group	은맥소환서
{
	Vnum	71059
	1	mob	20051	100
}
Group	금맥소환서
{
	Vnum	71060
	1	mob	20052	100
}
Group	옥석맥소환서
{
	Vnum	71061
	1	mob	20053	100
}
Group	흑단석맥소환서
{
	Vnum	71062
	1	mob	20054	100
}
Group	조개무더기소환서
{
	Vnum	71063
	1	mob	20055	100
}
Group	백금맥소환서
{
	Vnum	71064
	1	mob	20056	100
}
Group	수정석맥소환서
{
	Vnum	71065
	1	mob	20057	100
}
Group	자수정석맥소환서
{
	Vnum	71066
	1	mob	20058	100
}
Group	천루광맥소환서
{
	Vnum	71067
	1	mob	20059	100
}
Group	초급메틴석소환서
{
	Vnum	71080
	1	mob	8001	10
	2	mob	8002	10
	3	mob	8003	10
	4	mob	8004	10
	5	mob	8005	10
}
Group	중급메틴석소환서
{
	Vnum	71081
	1	mob	8006	10
	2	mob	8007	10
	3	mob	8008	10
	4	mob	8009	10
	5	mob	8010	10
}
Group	고급메틴석소환서
{
	Vnum	71082
	1	mob	8011	10
	2	mob	8012	10
	3	mob	8013	10
	4	mob	8014	10
	5	mob	8024	10
	6	mob	8025	10
	7	mob	8026	10
	8	mob	8027	10
} 

Group 가브리엘의축복상자
{
    Vnum 50182
    1 25040 1 7
}

Group   아귀대제의상자
{
    Vnum    50186
    1	170	1	16	30
	2	250	1	16	30
	3	1120	1	16	30
	4	2180	1	16	30
	5	3150	1	16	30
	6	7150	1	16	30
	7	11290	1	31	30
	8	11291	1	15	30
	9	11490	1	31	30
	10	11491	1	15	30
	11	11690	1	31	30
	12	11691	1	15	30
	13	11890	1	31	30
	14	11891	1	15	30
	15	152	1	22	30
	16	153	1	16	30
	17	5092	1	22	30
	18	5093	1	16	30
	19	142	1	22	30
	20	143	1	16	30
	21	3132	1	22	30
	22	3133	1	16	30
	23	1102	1	22	30
	24	1103	1	16	30
	25	7132	1	22	30
	26	7133	1	16	30
	27	2142	1	22	30
	28	2143	1	16	30
	29	11682	1	19	30
	30	11683	1	28	30
	31	11684	1	10	30
	32	11882	1	19	30
	33	11883	1	28	30
	34	11884	1	10	30
	35	11482	1	19	30
	36	11483	1	28	30
	37	11484	1	10	30
	38	11282	1	19	30
	39	11283	1	28	30
	40	11284	1	10	30
	41	180	1	4	30
	42	190	1	4	30
	43	1130	1	4	30
	44	2170	1	4	30
	45	3160	1	4	30
	46	5120	1	4	30
}

Group   할로윈호박선물상자
{
	Vnum	50215
	1	25041	1	1
	2	27992	1	1
	3	27993	1	1
	4	27994	1	1
	5	70102	2	1
	6	70005	1	1
	7	70043	1	1
}

Group GucSandık
{
	Vnum	38050
	1	52011	1	1
	2	52012	1	1
	3	52013	1	1
	4	52014	1	1
	5	52015	1	1
	6	52026	1	1
	7	52027	1	1
	8	52028	1	1
	9	52029	1	1
	10	52030	1	1
	11	52041	1	1
	12	52042	1	1
	13	52043	1	1
	14	52044	1	1
	15	52045	1	1
	16	52056	1	1
	17	52057	1	1
	18	52058	1	1
	19	52059	1	1
	20	52060	1	1
	21	52071	1	1
	22	52072	1	1
	23	52073	1	1
	24	52074	1	1
	25	52075	1	1
	26	52086	1	1
	27	52087	1	1
	28	52088	1	1
	29	52089	1	1
	30	52090	1	1
	31	52101	1	1
	32	52102	1	1
	33	52103	1	1
	34	52104	1	1
	35	52105	1	1
	36	52116	1	1
	37	52117	1	1
	38	52118	1	1
	39	52119	1	1
	40	52120	1	1

}

Group TigerRewardBox
{
	Vnum	38051
	1	25040	1	25
}

Group	whiteLionBox
{
	Vnum	38052
	1	41001	1	1
	2	41002	1	1
	3	41003	1	1
	4	41004	1	1
	5	41117	1	1
	6   41118   1   1
	7   41119   1   1
	8   41120   1   1
	9   41121	1  	1
	10	41122   1   1
	11	41125   1   1
	12  41126   1   1
	13	41137	1	1
	14	41138	1	1
	15	41139	1	1
	16	41140	1	1
	17	41141	1	1
	18	41142	1	1
	19	41143	1	1
	20	41144	1	1
	21	41307	1	1
	22	41308	1	1
	23	41311	1	1
	24	41312	1	1
	25	41315	1	1
	26	41316	1	1
	27	41320	1	1
	28	41321	1	1
	29	41472	1	1
	30	41473	1	1
	31	41476	1	1
	32	41477	1	1
	33	41480	1	1
	34	41481	1	1
	35	45001	1	1
	36	45002	1	1
	37	45003	1	1
	38	45004	1	1
	39	45005	1	1
	40	45006	1	1
	41	45007	1	1
	42	45008	1	1
	43	45009	1	1
	44	45010	1	1
	45	45053	1	1
	46	45054	1	1
	47	45055	1	1
	48	45056	1	1
	49	45057	1	1
	50	45058	1	1
	51	45061	1	1
	52	45062	1	1
	53	45075	1	1
	54	45076	1	1
	55	45077	1	1
	56	45078	1	1
	58	45079	1	1
	59	45080	1	1
	60	45135	1	1
	61	45136	1	1
	62	45139	1	1
	63	45140	1	1
	64	45141	1	1
	65	45142	1	1
	66	45147	1	1
	67	45148	1	1
	68	45151	1	1
	69	45152	1	1
	70	45156	1	1
	71	45157	1	1
	72	45160	1	1
	73	45161	1	1
	74	45164	1	1
	75	45165	1	1
	76	45166	1	1
	77	45170	1	1
	78	45171	1	1
	49	45174	1	1
	50	45175	1	1
	51	45176	1	1
	52	45177	1	1
}

Group	X_Mas_Pet
{
	Vnum	38055
	1	53002	1	1
	2	53003	1	1
	3	53005	1	1
	4	53006	1	1
	5	53007	1	1
	6	53008	1	1
	7	53009	1	1
	8	53010	1	1
	9	53011	1	1
	10	53012	1	1
	11	53013	1	1
	12	53014	1	1
	13	53015	1	1
	14	53016	1	1
	15	53017	1	1
	16	53018	1	1
	17	53019	1	1
	18	53020	1	1
	19	53021	1	1
	20	53022	1	1
	21	53023	1	1
	22	53024	1	1
	22	53025	1	1
}

 Group   녹각보관함_아기순록
{
     Vnum    53502
     Type    Pct
     1   53002   1   100
}

 Group   녹각보관함_빙염불사조
{
     Vnum    53503
     Type    Pct
     1   53003   1   100
}

Group	whitePhoenixBox
{
	Vnum	38053
	1	25040	1	1
	2	25041	1	1
	3	27992	1	1
	4	27993	1	1
	5	27994	1	1
	6	70102	1	1
	7	50513	1	1
}


Group   2012올림픽선물상자_1			
{				
	Vnum	71159		
	1	41003	1	1
	2	41029	1	1
	3	41137	1	1
	4	41145	1	1
	5	41139	1	1
	6	41147	1	1
	7	41141	1	1
}				

Group   2012올림픽선물상자_1_여성용
{				
	Vnum	71160		
	1	41004	1	1
	2	41030	1	1
	3	41138	1	1
	4	41146	1	1
	5	41140	1	1
	6	41148	1	1
	7	41142	1	1
}				

Group   2012올림픽선물상자_2				
{				
	Vnum	50249		
	1	25040	100	100
}


Group 스폐셜
{
	Vnum	10050
	type	special
	1	71148	100000	1
	2	71149	100001	1
	3	71158	100002	1
	4	71135	100003	1
	5	71136	100003	1
	6	71143	100004	1
	7	71145	100005	1
}				
				
Group 속성				
{				
	Vnum	100000		
	type	ATTR		
	1	66	30	
	2	78	20	
	3	79	20	
	4	63	30	
	5	69	10	
	6	70	10	
	effect	"d:\ymir work\effect\etc\buff\buff_item5.mse"
}				
				
Group 속성2				
{				
	Vnum	100001		
	type	ATTR		
	1	66	30	
	2	80	20	
	3	81	20	
	4	63	30	
	5	69	10	
	6	70	10	
	effect	"d:\ymir work\effect\etc\buff\buff_item5.mse"		
}				
				
Group 속성3				
{				
	Vnum	100002		
	type	ATTR		
	1	66	50	
	2	7	20	
	3	9	20	
	4	64	30	
	5	69	10	
	6	70	10	
	7	84	5	
	effect	"d:\ymir work\effect\etc\buff\buff_symbol1.mse"		
}				
				
Group 속성4				
{				
	Vnum	100003		
	type	ATTR		
	1	66	50	
	2	7	20	
	3	9	20	
	4	64	30	
	5	69	10	
	6	70	10	
	7	84	5	
}				
				
Group 속성5				
{				
	Vnum	100004		
	type	ATTR		
	1	66	50	
	2	7	20	
	3	9	20	
	4	63	30	
	5	69	10	
	6	70	10	
	7	84	5	
}				
				
Group 속성6				
{				
	Vnum	100005		
	type	ATTR		
	1	66	30	
	2	7	10	
	3	9	10	
	4	63	10	
	5	69	5	
	6	70	5	
	7	84	5	
}
Group	녹각보관함_아기파황
{				
	Vnum	53505
	Type	Pct		
	1	53015	1	100
}

Group	녹각보관함_아기파황_special
{				
	Vnum	53506
	Type	Pct		
	1	53016	1	100
}

Group	녹각보관함_아기순록_2012
{				
	Vnum	53507
	Type	Pct		
	1	53001	1	100
}


Group	녹각보관함_아기백곰
{				
	Vnum	53508
	Type	Pct		
	1	41311	1	100
}


Group	녹각보관함_아기펜더
{				
	Vnum	53509
	Type	Pct		
	1	41312	1	100
}


Group	녹각보관함_아기사자
{				
	Vnum	53510
	Type	Pct		
	1	41483	1	100
}


Group	녹각보관함_아기호랑이
{				
	Vnum	53511
	Type	Pct		
	1	45147	1	100
}

Group	녹각보관함_아기멧돼지
{				
	Vnum	53512
	Type	Pct		
	1	53023	1	100
}

Group	녹각보관함_아기늑대
{				
	Vnum	53513
	Type	Pct		
	1	53024	1	100
}

Group	녹각보관함_붉은도적단장수
{				
	Vnum	53514
	Type	Pct		
	1	53025	1	100
}

Group	녹각보관함_붉은도적단장수_특
{				
	Vnum	53515
	Type	Pct		
	1	41324	1	100
}

Group	녹각보관함_할로윈뼈강아지
{				
	Vnum	53516
	Type	Pct		
	1	41325	1	100
}

Group	녹각보관함_녹염불사조
{				
	Vnum	53517
	Type	Pct		
	1	41480	1	100
}

Group	sandiklar1
{				
	Vnum	53518
	Type	Pct		
	1	53018	1	100
}

Group	sandiklar2
{				
	Vnum	53519
	Type	Pct		
	1	53019	1	100
}

Group	sandiklar3
{				
	Vnum	53520
	Type	Pct		
	1	53020	1	100
}

Group	sandiklar4
{				
	Vnum	53521
	Type	Pct		
	1	53021	1	100
}

Group	sandiklar5
{				
	Vnum	53522
	Type	Pct		
	1	45148	1	100
}

Group	sandiklar6
{				
	Vnum	53523
	Type	Pct		
	1	45175	1	100
}

Group	sandiklar7
{				
	Vnum	53526
	Type	Pct		
	1	45176	1	100
}

Group	lv1(sura_warrior)			
{				
	Vnum	50187		
	Type	Pct		
	1	27003	200	100
	2	27003	200	100
	3	27003	200	100
	4	27003	200	100
	5	27003	200	100
	6	27006	200	100
	7	27006	200	100
	8	27006	200	100
	9	27006	200	100
	10	27006	200	100
	11	27102	200	100
	12	71050	200	100
	13	72701	1	100
	14	40003	1	100
	15	40004	1	100
	16	13009	1	100
	17	14009	1	100
	18	15009	1	100
	19	16009	1	100
	20	17009	1	100
	21	50053	1	100
}				
Group	lv1(assassin)			
{				
	Vnum	50212		
	Type	Pct		
	1	50188	1	100
	2	1009	1	100
	3	27051	20	100
	4	27052	10	100
	5	27053	5	100
	6	27054	5	100
}				
Group	lv1(shaman)			
{				
	Vnum	50213		
	Type	Pct		
	1	50188	1	100
	2	7009	1	100
	3	27051	20	100
	4	27052	10	100
	5	27053	5	100
	6	27054	5	100
}				
Group	lv10
{				
	Vnum	50188		
	Type	Pct		
	1	25040	1	100
	2	50300	1	100
	3	27003	200	100
	4	27006	200	100
	5	50189	1	100
}				
				
Group	lv20
{				
	Vnum	50189		
	Type	Pct		
	1	25040	1	100
	2	50300	1	100
	3	27003	200	100
	4	50190	1	100
	5	27006	200	100
	6	71035	1	100
	7	71036	1	100
}				
				
Group	lv30
{				
	Vnum	50190		
	Type	Pct		
	1	25040	1	100
	2	27003	200	100
	3	27006	200	100
	4	71012	1	100
	5	50191	1	100
}				
				
Group	lv40
{				
	Vnum	50191		
	Type	Pct		
	1	71101	1	100
	2	71034	1	100
	3	71153	1	100
	4	50300	2	100
	5	50192	1	100
}				
				
Group	lv50
{				
	Vnum	50192		
	Type	Pct		
	1	71034	5	100
	2	71101	5	100
	3	25041	2	100
	4	71015	1	100
	5	50193	1	100
}				
				
Group	lv60
{				
	Vnum	50193		
	Type	Pct		
	1	71101	5	100
	2	71034	5	100
	3	71032	5	100
	4	70020	5	100
	5	50194	1	100
}				
				
Group	lv70
{				
	Vnum	50194		
	Type	Pct		
	1	71034	5	100
	2	71101	5	100
	3	71015	1	100
	4	50300	5	100
	5	25041	5	100
	6	50195	1	100
}				
				
Group	lv80
{				
	Vnum	50195		
	Type	Pct		
	1	71034	5	100
	2	71101	5	100
	3	71015	1	100
	4	30190	5	100
	5	71035	5	100
	6	50196	1	100
}				
				
Group	lv90
{				
	Vnum	50196		
	Type	Pct		
	1	71034	5	100
	2	71101	5	100
	3	25041	5	100
	4	50513	5	100
	5	71035	5	100
}				
Group	이동반지			
{				
	Vnum	10031		
	Type	Quest		
	1	70058	1	1
}

Group	w20보스상자			
{				
	Vnum	50254		
	1	25041	1	50
	2	27992	1	50
	3	27993	1	50
	4	27994	1	50
	5	70102	1	50
	6	50513	1	50
	7	50300	2	50
	8   30193   2   50
	9   39002   1   25
	10	70048	1	45
	11  41003	1	1
	12	41004	1	1
	13	30500	1	10
	14	30501	1	10
	15	30502	1	10
	16	30503	1	10
	17	30504	1	10
	18	30505	1	10
	19	30506	1	10
	20	30507	1	10
	21	30508	1	10
	22	30509	1	10
	23	30510	1	10
	24	30511	1	10
	25	30512	1	10
	26	30513	1	10
	27	30514	1	10
	28	30515	1	10
	29	30516	1	10
	30	30517	1	10
	31	30518	1	10
	32	30519	1	10
	33	30520	1	10
	34	30521	1	10
	35	30522	1	10
	36	30523	1	10
}				

Group	용혼석박스_일반화려			
{				
	Vnum	51639		
	Type	Pct		
	1	51503	1	100
	2	51503	1	100
	3	51503	1	100
	4	51503	1	100
	5	51503	1	100
	6	51503	1	100
	7	51503	1	100
	8	51503	1	100
	9	51503	1	100
	10	51503	1	100
	11	51503	1	100
}				
				
Group	강력한용혼석박스_일반화려			
{				
	Vnum	51640		
	Type	Pct		
	1	51576	1	100
	2	51576	1	100
	3	51576	1	100
	4	51576	1	100
	5	51576	1	100
	6	51576	1	100
	7	51576	1	100
	8	51576	1	100
	9	51576	1	100
	10	51576	1	100
	11	51576	1	100
	12	100300	1	100
}				
				
Group	강력한용혼석박스_일반화려_종류별			
{				
	Vnum	51641		
	Type	Pct		
	1	51577	1	100
	2	51578	1	100
	3	51579	1	100
	4	51580	1	100
	5	51581	1	100
	6	51582	1	100
	7	100300	1	100
}				
				
Group	용혼석박스_일반화려_종류별			
{				
	Vnum	51642		
	Type	Pct		
	1	51517	1	100
	2	51518	1	100
	3	51519	1	100
	4	51520	1	100
	5	51521	1	100
	6	51522	1	100
	7	100300	1	100
}				
				
Group	용혼석박스_일반희귀			
{				
	Vnum	51643		
	Type	Pct		
	1	51504	1	100
	2	51504	1	100
	3	51504	1	100
	4	51504	1	100
	5	51504	1	100
	6	51504	1	100
	7	51504	1	100
	8	51504	1	100
	9	51504	1	100
	10	51504	1	100
	11	51504	1	100
}				
				
Group	강력한용혼석박스_일반희귀			
{				
	Vnum	51644		
	Type	Pct		
	1	51583	1	100
	2	51583	1	100
	3	51583	1	100
	4	51583	1	100
	5	51583	1	100
	6	51583	1	100
	7	51583	1	100
	8	51583	1	100
	9	51583	1	100
	10	51583	1	100
	11	51583	1	100
	12	100300	1	100
}				
				
Group	강력한용혼석박스_일반희귀_종류별			
{				
	Vnum	51645		
	Type	Pct		
	1	51584	1	100
	2	51585	1	100
	3	51586	1	100
	4	51587	1	100
	5	51588	1	100
	6	51589	1	100
	7	100300	1	100
}				
				
Group	용혼석박스_일반희귀_종류별			
{				
	Vnum	51646		
	Type	Pct		
	1	51523	1	100
	2	51524	1	100
	3	51525	1	100
	4	51526	1	100
	5	51527	1	100
	6	51528	1	100
	7	100300	1	100
}				
